Commute.Time
185
18
27
39
122
54
92
58
24
100
89
69
47
66
85
77
40
31
31
92
44
61
26
42
43
19
104
24
28
51
40
27
130
21
23
57
38
57
29
17
49
56
26
46
60
40
18
54
133
36
55
134
25
155
34
98
92
35
39
17
11
81
22
85
79
60
27
58
133
33
78
29
18
47
49
183
97
63
49
25
46
125
37
38
16
57
20
49
31
19
62
92
47
52
22
114
23
18
22
52
44
71
33
91
31
38
15
25
23
16
59
34
19
14
39
15
74
26
26
30
34
56
22
106
57
61
53
36
25
28
26
77
20
61
64
16
23
17
26
7
24
21
44
33
37
59
37
2
42
21
36
46
72
69
20
64
69
28
122
50
28
29
58
18
65
37
12
26
62
42
45
42
20
113
103
31
81
33
39
59
22
16
84
21
5
19
29
26
93
40
35
65
35
31
41
43
20
27
12
36
10
38
60
46
76
52
24
152
24
49
39
33
18
20
20
28
12
34
35
40
32
39
24
36
103
34
35
20
63
163
66
61
35
117
95
22
40
33
37
48
23
47
38
65
151
21
92
20
79
23
80
25
20
33
87
56
31
21
28
60
54
37
83
62
49
31
71
41
42
34
101
54
63
9
96
23
13
44
44
25
61
52
96
69
19
56
19
17
69
65
11
46
23
94
5
21
12
25
6
66
97
39
52
26
28
75
66
37
17
45
45
61
38
39
38
30
53
75
70
80
31
12
27
8
55
101
59
11
21
70
32
136
67
58
27
46
65
34
23
17
56
22
36
46
64
47
37
18
62
57
35
59
36
48
28
68
23
65
35
37
54
14
18
66
43
75
28
8
75
47
25
53
51
92
81
72
20
79
19
102
20
25
22
67
20
34
117
65
106
65
31
16
22
202
80
54
18
33
18
80
57
43
54
31
139
49
27
44
26
37
63
62
20
91
89
41
172
22
49
29
19
127
10
26
22
12
17
29
28
34
56
33
15
33
48
107
39
75
17
57
11
19
28
38
30
87
27
27
31
23
33
107
33
21
112
32
13
22
82
41
62
18
41
66
10
31
94
75
106
24
37
30
49
48
83
97
19
28
52
36
31
32
57
35
80
27
75
40
48
66
47
43
26
144
36
20
46
28
19
73
57
69
37
45
30
44
39
23
41
35
106
59
36
10
96
47
20
88
19
42
149
69
33
20
25
41
47
16
46
65
42
44
44
143
40
42
83
26
24
58
39
36
33
61
51
24
21
46
65
17
20
60
30
21
67
79
19
54
95
39
26
50
39
11
23
15
79
53
21
28
14
26
40
16
33
26
7
134
28
25
53
47
57
116
42
15
73
14
40
40
23
30
52
57
22
54
19
53
63
36
25
21
15
31
38
27
44
19
8
39
61
18
31
150
100
102
47
61
34
75
14
38
57
101
30
27
80
62
18
87
63
37
32
62
80
27
36
24
51
53
35
114
44
45
33
43
12
12
40
25
21
62
66
19
38
34
40
16
10
36
36
84
26
39
41
29
111
31
37
31
70
111
29
56
69
13
24
50
134
27
17
61
6
13
16
149
49
29
33
37
85
19
11
30
91
29
34
65
65
50
52
82
77
50
6
29
38
116
57
59
47
25
28
17
101
24
60
97
79
25
77
48
107
59
40
24
60
14
45
5
15
57
41
48
29
42
16
27
36
103
38
21
68
47
43
37
16
57
45
9
12
37
55
40
70
20
9
41
53
38
23
17
74
140
33
61
37
23
46
11
54
31
99
41
22
15
16
59
74
44
6
32
44
50
25
29
21
158
13
70
14
46
40
112
46
35
59
54
20
91
43
32
43
48
32
41
93
11
112
69
30
60
38
29
25
21
89
67
65
66
46
66
21
25
72
11
76
40
37
42
32
33
46
58
71
32
6
49
44
11
45
47
26
35
18
29
50
115
55
41
55
62
12
24
9
49
107
28
57
40
30
30
35
25
87
101
50
127
31
15
37
20
25
24
49
36
86
32
38
36
21
79
36
69
52
17
54
18
33
38
36
21
42
22
42
53
21
29
47
29
10
23
73
37
59
43
63
24
29
127
58
13
113
38
24
40
24
31
37
39
63
19
156
38
24
29
49
74
63
76
48
24
51
45
92
19
19
88
19
45
59
17
34
24
61
34
32
60
18
35
65
81
33
10
28
17
53
32
17
44
44
41
64
29
28
29
47
84
15
106
49
41
78
45
30
17
28
93
24
16
80
24
12
19
41
5
49
15
21
56
32
45
28
37
50
46
51
37
31
35
71
47
22
45
31
95
60
40
30
25
101
23
56
29
19
29
47
62
21
41
19
83
26
40
27
67
16
54
25
86
72
14
43
22
49
69
153
101
29
30
21
116
21
19
24
28
16
60
81
41
16
60
60
57
36
27
29
13
9
82
17
67
46
17
73
37
44
25
87
34
54
35
28
33
62
61
22
64
17
34
22
44
20
76
41
37
15
38
66
13
86
21
12
48
41
50
77
73
42
49
19
54
37
59
41
90
31
64
20
41
31
23
36
17
31
47
101
20
26
57
36
36
30
25
71
17
36
23
48
30
44
29
54
35
25
40
12
80
15
38
15
53
31
68
36
70
158
20
43
66
9
17
33
21
100
57
24
32
60
63
48
50
17
51
12
21
33
51
80
34
97
60
67
40
125
72
90
10
101
27
20
20
15
27
12
48
125
54
47
36
6
27
26
35
24
17
25
25
14
49
17
83
18
17
57
75
65
74
33
99
31
60
13
40
46
46
40
136
28
28
36
22
41
40
39
47
82
48
160
71
58
64
36
50
70
101
35
106
23
57
46
26
47
16
24
44
45
23
60
28
22
16
65
22
27
57
70
48
35
28
49
34
83
86
21
25
33
9
64
70
86
75
21
21
27
29
23
61
35
40
34
30
60
8
22
14
48
55
33
67
12
15
116
65
112
22
107
93
19
25
38
85
90
14
32
75
26
82
87
48
23
94
33
21
36
103
10
29
17
38
14
32
45
21
37
15
27
24
23
56
16
25
19
38
46
74
64
6
15
43
16
36
30
60
9
27
84
19
51
15
68
27
58
58
48
37
81
32
26
16
26
48
73
64
55
13
33
42
36
18
73
25
22
29
102
17
23
53
67
43
27
29
120
27
18
120
20
10
38
46
36
44
25
43
9
26
9
11
14
57
20
31
19
42
34
43
13
28
17
10
16
17
23
21
23
16
11
13
47
17
65
17
9
68
141
77
29
36
60
18
57
99
57
57
12
49
41
12
84
31
43
20
12
41
47
11
44
17
29
67
53
31
34
33
20
34
53
19
38
29
48
13
48
35
45
116
47
67
37
45
27
35
18
13
16
15
32
72
52
9
38
67
35
34
62
12
28
26
11
20
113
31
65
47
32
29
27
150
21
65
52
27
12
55
18
61
12
32
22
31
19
61
12
17
15
30
44
38
60
73
10
37
149
21
85
21
49
22
36
48
20
36
57
44
23
87
20
57
20
43
69
54
59
81
41
22
14
34
13
14
42
66
35
36
40
28
20
33
19
20
103
64
31
94
34
13
11
32
25
29
90
13
30
33
47
21
53
52
18
30
36
29
46
33
112
33
118
88
18
9
16
16
58
39
92
88
12
20
64
56
73
80
23
48
94
120
32
22
37
55
47
56
41
107
92
41
28
38
17
10
79
6
43
44
15
17
41
49
11
60
105
35
20
44
43
9
44
35
35
27
36
19
32
26
61
96
59
33
70
26
11
35
40
29
22
11
54
25
20
31
29
55
33
37
19
66
28
6
13
93
73
172
26
46
25
21
36
44
46
11
27
102
47
19
20
37
27
21
63
8
33
47
19
66
74
74
41
30
42
23
8
16
107
43
22
40
26
30
39
135
40
56
23
59
10
25
54
12
27
29
30
49
41
54
188
76
45
44
40
34
40
22
36
6
38
95
75
114
30
47
23
28
49
7
47
53
76
79
28
45
13
57
20
11
36
27
20
93
15
25
42
19
25
27
42
69
21
24
86
56
60
74
37
21
107
27
37
32
23
12
15
48
66
10
58
28
26
72
36
65
25
25
43
44
32
66
73
87
36
37
21
36
15
77
54
27
99
10
42
24
29
51
32
22
26
51
17
35
26
13
17
37
86
20
61
79
11
62
94
22
21
86
42
26
46
19
67
32
75
63
58
6
54
65
11
106
49
66
31
41
45
47
66
18
19
26
80
21
25
11
30
82
42
45
61
29
41
37
28
125
37
78
84
38
68
55
34
47
77
61
12
64
37
30
78
51
101
11
114
16
19
31
24
18
51
58
27
21
46
24
42
50
9
42
16
52
62
38
116
51
17
49
16
28
68
22
58
18
48
16
26
34
33
31
33
149
57
28
19
47
28
66
95
34
29
52
14
32
70
14
52
29
29
6
10
29
46
29
19
44
43
69
12
60
28
171
11
14
97
21
27
13
20
37
51
96
42
49
35
47
76
17
83
107
30
12
75
12
58
58
32
40
12
21
54
65
83
17
11
22
36
79
51
32
37
46
95
27
21
33
58
40
66
47
14
79
37
10
73
76
39
10
44
97
21
69
77
37
50
87
41
16
57
32
32
27
32
35
49
101
20
11
85
35
31
35
58
53
10
26
37
44
115
21
104
142
18
87
12
9
20
70
40
34
43
71
34
78
18
7
34
30
52
28
20
53
72
9
46
50
35
33
20
31
17
67
43
46
61
30
26
40
35
13
63
16
26
32
35
29
46
46
25
31
30
36
24
38
62
46
63
15
55
40
42
38
73
67
49
61
12
15
85
74
16
73
50
89
36
74
59
68
58
31
120
119
21
110
53
42
18
42
73
68
45
28
11
37
47
20
30
55
63
30
46
34
42
70
35
35
23
78
3
21
27
44
79
62
19
63
25
62
26
49
23
32
45
53
44
101
28
19
28
59
45
20
16
29
149
36
72
85
58
23
29
31
61
37
17
14
23
39
92
10
29
37
20
113
46
64
63
17
69
15
27
11
68
32
46
48
32
28
90
55
42
68
84
72
106
101
9
46
48
42
17
86
27
42
36
15
46
21
39
22
10
63
37
113
67
29
24
98
54
108
65
34
31
35
28
55
32
49
26
35
17
57
19
56
28
12
36
41
28
164
45
19
32
171
64
68
60
25
100
60
57
27
57
34
71
45
31
26
52
39
69
166
29
22
41
163
31
81
28
35
19
22
66
32
32
64
21
31
9
107
44
20
27
73
17
21
60
35
28
60
128
46
31
69
36
58
56
8
18
22
20
120
13
75
85
47
80
43
76
54
11
33
39
28
15
18
76
20
54
25
60
37
60
22
24
58
39
47
98
58
172
6
65
102
23
29
87
46
43
110
31
115
29
129
66
34
22
59
35
39
48
23
37
71
92
24
82
69
25
57
7
63
41
73
53
21
26
74
59
32
34
51
8
46
43
12
71
41
42
39
47
65
19
38
40
25
21
36
36
26
38
40
29
29
54
65
35
29
54
72
20
16
81
21
68
32
28
31
86
24
20
45
30
38
74
22
19
22
22
36
22
154
53
12
62
30
17
28
29
22
42
63
32
164
14
40
58
41
43
67
88
21
80
25
29
15
33
15
30
53
66
26
25
38
106
41
54
60
127
10
15
27
67
29
58
41
28
52
23
36
25
14
58
45
23
95
69
26
36
27
47
27
76
112
66
6
47
17
20
31
12
154
13
65
46
47
53
68
12
22
161
24
47
14
56
16
41
38
35
49
120
58
50
56
48
37
17
37
33
10
27
28
72
31
28
26
29
39
81
32
34
28
29
42
84
32
15
77
46
68
42
17
32
64
19
27
69
42
85
19
61
25
13
21
50
30
41
17
65
13
14
67
63
22
112
56
99
88
64
120
14
32
42
92
71
56
91
12
20
47
18
24
44
50
63
38
22
24
55
21
32
32
41
30
25
27
37
38
78
48
36
26
23
35
42
19
8
97
56
40
12
23
38
67
28
38
39
86
57
57
57
9
27
58
89
94
37
15
23
53
47
36
32
39
99
25
35
30
22
12
20
31
21
32
35
136
41
16
51
19
61
35
22
124
51
78
35
30
37
12
55
53
45
41
41
120
25
24
32
37
52
63
69
19
17
82
77
52
35
117
28
28
25
122
101
46
11
36
48
58
62
20
157
11
33
29
13
41
43
114
52
26
67
14
90
22
29
38
42
28
66
39
56
56
54
44
26
89
73
34
22
22
65
61
22
121
28
122
24
71
50
70
86
51
69
37
32
25
33
75
67
81
24
69
65
18
22
23
35
49
42
96
93
36
31
33
21
66
50
79
94
21
61
47
111
63
16
39
24
39
45
25
24
12
110
49
17
54
60
15
14
16
30
38
31
35
38
32
17
99
107
40
33
33
50
124
22
33
22
162
49
53
20
27
24
41
48
46
63
42
100
38
46
62
7
14
40
19
18
50
70
28
66
73
121
31
32
136
22
37
7
22
47
20
17
34
46
78
18
27
64
35
24
50
81
63
51
80
36
16
25
38
33
113
45
61
46
9
41
101
35
40
22
36
30
18
28
127
27
46
51
24
65
50
68
67
81
22
19
43
25
37
23
68
41
39
13
101
41
23
71
23
28
14
19
22
81
34
55
43
64
16
20
68
57
13
32
16
88
69
85
79
29
23
23
37
40
94
149
25
39
21
22
34
27
70
6
29
29
30
80
25
24
19
68
60
21
55
41
42
23
22
22
79
99
12
32
26
32
20
72
100
66
27
51
51
35
24
23
32
34
15
24
36
27
65
19
30
24
37
31
15
30
65
40
15
18
41
44
21
23
55
57
68
73
34
30
27
52
10
30
52
13
58
60
22
49
28
18
69
40
32
86
65
23
14
42
92
9
47
36
63
28
46
51
63
33
24
65
172
41
39
21
74
2
53
80
19
59
46
17
74
25
96
39
57
18
66
65
61
30
120
44
25
70
21
15
34
43
56
39
10
24
21
38
38
12
22
22
40
41
17
86
26
7
61
39
46
27
25
47
33
26
34
31
37
65
83
10
30
13
47
78
60
39
124
27
67
18
27
128
25
10
35
36
45
17
49
38
65
19
27
34
89
22
23
38
40
103
28
45
50
60
33
133
77
67
5
132
35
50
19
42
29
43
31
19
36
54
12
91
101
30
25
17
33
63
24
38
17
49
24
42
23
49
7
4
47
150
31
31
33
31
27
78
62
22
134
73
26
23
40
47
62
24
20
43
38
51
58
18
36
113
26
86
27
44
23
56
50
64
28
31
47
58
22
38
58
27
26
58
44
17
31
59
38
50
39
35
33
78
61
63
41
121
26
39
72
73
45
18
25
12
21
88
27
32
26
31
55
82
10
29
33
70
35
66
18
39
45
30
41
17
17
48
47
77
108
24
17
27
41
29
24
94
65
23
31
47
49
87
24
44
15
16
109
6
61
23
62
35
37
65
27
31
40
11
34
105
58
44
45
31
32
11
28
33
57
12
142
20
45
40
31
40
45
65
41
107
42
27
28
33
32
37
38
4
31
27
29
81
54
89
104
13
91
37
17
17
83
132
163
77
61
109
15
46
34
45
47
38
8
96
27
45
24
67
20
173
68
19
34
53
65
41
35
69
149
35
25
14
17
115
41
10
53
20
36
35
101
15
33
44
123
70
23
32
25
23
50
56
64
31
19
27
76
17
27
32
80
28
65
32
15
31
22
62
34
31
156
69
26
71
64
15
43
60
29
34
22
56
11
16
27
27
30
46
33
48
28
42
31
81
14
22
36
37
25
60
25
29
68
23
31
35
21
36
13
21
10
21
36
60
36
19
20
54
32
67
124
25
42
35
10
31
116
58
27
62
100
49
31
12
24
189
45
38
48
43
35
52
18
57
45
79
33
20
114
12
116
69
19
13
74
26
125
32
64
106
39
55
25
53
25
41
21
67
71
40
80
35
42
75
25
20
62
25
52
33
32
30
52
35
10
9
57
31
21
42
16
12
57
40
87
36
61
33
116
39
30
24
51
46
19
25
68
39
21
9
26
74
73
86
34
33
20
50
41
83
11
51
62
46
35
51
48
31
15
177
47
39
121
51
7
18
75
36
35
35
45
70
44
38
48
53
23
16
9
65
90
7
23
67
12
38
63
37
20
59
24
22
22
40
35
59
20
32
20
44
54
47
14
15
16
31
19
75
33
41
29
57
22
13
14
21
76
40
7
35
18
40
53
12
150
32
19
11
94
35
31
56
29
54
31
27
60
23
46
28
110
15
32
37
43
52
59
24
21
85
101
21
17
42
37
39
14
49
21
66
21
15
50
29
67
26
36
37
48
29
37
45
31
66
25
36
27
37
18
37
78
56
21
32
61
27
32
8
70
22
46
53
47
39
45
42
13
32
98
44
46
13
58
135
49
92
79
48
74
29
64
107
28
84
140
43
14
51
33
60
31
36
196
30
84
35
73
13
39
36
50
32
9
9
22
106
43
59
37
55
31
17
57
88
19
47
43
14
52
37
33
54
60
27
19
36
92
63
64
41
29
64
64
59
25
77
50
47
92
39
20
19
107
35
38
32
31
24
49
63
63
37
28
16
25
120
74
42
33
54
25
22
87
15
27
15
11
4
35
48
21
32
31
92
63
39
192
30
27
44
100
42
109
61
22
38
29
16
24
158
77
17
41
28
27
36
45
11
18
95
75
30
27
71
30
153
103
34
171
22
18
17
72
9
97
21
46
31
44
95
110
38
27
40
22
39
53
51
21
30
35
14
38
85
57
21
11
39
25
38
18
46
85
36
24
39
23
78
149
25
52
63
90
72
23
57
44
20
43
21
43
9
47
22
38
40
5
29
60
24
18
55
25
41
20
16
24
16
23
67
11
84
28
51
54
46
45
16
18
35
41
25
35
120
18
8
42
116
33
34
26
40
161
51
12
36
16
26
32
51
60
74
35
67
21
37
16
26
101
33
41
21
125
32
27
66
22
26
57
25
26
25
113
65
25
14
68
48
15
68
62
31
37
34
43
25
15
82
140
44
39
23
23
37
54
16
116
30
47
16
30
41
33
31
79
77
90
50
27
39
19
32
91
19
21
32
9
94
13
69
29
27
81
26
95
9
39
45
95
20
40
17
24
65
13
12
47
50
21
20
103
98
39
22
20
106
34
150
60
35
26
93
174
108
34
19
37
19
46
24
42
24
37
13
65
16
16
21
11
14
70
18
38
27
38
18
93
9
113
26
129
69
22
63
58
24
23
11
17
19
59
66
52
63
90
38
44
45
25
32
35
37
49
23
61
38
38
23
96
80
63
62
22
36
48
34
30
116
46
17
33
30
54
54
40
49
49
86
13
34
64
8
21
10
32
41
74
22
22
37
11
50
46
26
28
50
33
10
29
51
16
15
133
21
31
27
18
42
21
33
41
23
17
43
35
12
15
21
65
52
66
55
18
58
25
21
104
56
13
39
12
21
71
69
65
16
31
43
17
30
19
28
108
28
30
59
45
71
25
69
40
50
41
48
57
25
55
38
23
12
49
11
44
34
50
29
28
23
25
106
55
101
44
69
38
12
24
59
17
22
27
57
24
11
101
31
24
37
16
32
53
58
19
18
22
65
44
18
69
113
68
107
9
70
13
95
75
11
11
21
66
21
11
24
39
46
108
31
79
28
32
39
79
26
13
34
47
18
20
42
86
10
85
19
11
5
18
29
74
16
72
28
28
25
46
57
106
63
39
46
53
58
30
41
33
23
35
25
39
79
12
19
45
27
34
16
78
20
26
48
143
66
73
46
25
64
34
36
47
48
21
36
23
20
33
27
65
39
133
75
4
49
20
23
9
46
71
64
28
171
41
85
59
27
44
30
67
72
73
96
30
20
35
11
17
50
88
115
38
156
42
63
25
15
15
42
27
171
63
21
19
37
33
74
11
35
65
111
16
35
90
19
47
102
22
60
10
88
41
34
56
15
45
87
37
100
49
27
39
18
70
25
54
85
33
68
22
36
16
117
107
57
27
36
37
17
35
37
13
41
24
45
17
44
29
47
69
49
47
32
67
65
10
173
19
18
24
35
64
106
37
57
29
37
33
26
20
17
93
41
16
63
61
31
32
127
56
31
68
73
65
25
29
27
31
12
102
59
177
57
56
40
35
38
37
9
19
25
28
32
40
23
67
72
116
23
192
35
26
135
40
27
26
32
64
8
40
23
27
27
107
47
17
54
158
51
126
48
8
16
78
45
59
71
84
67
27
47
69
31
64
35
58
69
37
38
31
47
46
121
53
46
47
19
29
72
48
38
39
28
131
66
27
20
63
44
76
27
160
32
27
47
33
27
36
60
101
15
29
6
101
94
53
49
47
60
8
75
102
55
31
36
32
56
65
22
38
139
17
20
121
54
32
90
14
35
66
92
39
20
146
35
14
48
36
52
42
32
52
80
45
72
47
39
39
58
69
48
27
24
58
24
28
149
62
47
13
23
45
51
22
44
69
88
55
59
92
41
66
38
48
75
77
66
42
18
47
42
61
42
31
36
82
33
46
48
37
14
45
24
7
17
102
73
49
27
31
107
49
32
20
11
19
51
107
32
41
26
36
35
18
90
73
68
113
30
30
23
23
47
70
11
46
35
23
37
40
45
16
26
11
15
43
19
36
46
59
83
22
30
51
31
24
8
59
26
143
32
33
54
53
24
27
37
34
89
18
48
82
23
16
19
70
32
19
38
37
62
32
41
22
132
46
25
28
52
30
38
26
61
99
71
54
21
28
66
8
42
135
42
89
35
167
76
79
82
35
37
37
10
39
24
25
43
25
44
43
74
48
104
58
25
81
47
20
43
27
8
14
25
36
55
74
28
65
29
39
31
22
57
111
46
25
175
34
35
45
46
56
90
96
32
40
19
46
156
53
24
34
18
17
22
31
31
83
95
40
27
12
77
52
79
49
31
33
40
52
58
20
64
40
102
54
20
34
54
40
35
16
24
34
33
50
19
41
50
39
37
28
18
69
44
11
55
135
61
25
91
49
46
53
57
15
28
50
37
120
80
103
13
30
84
63
43
19
49
43
25
63
25
43
21
113
20
21
31
22
7
35
50
72
52
65
91
64
38
57
99
28
31
12
52
40
38
20
63
41
32
104
65
40
34
28
60
73
36
20
201
50
68
33
56
74
107
36
11
15
51
17
30
37
11
61
35
17
46
101
40
22
136
45
25
64
45
26
36
62
63
46
41
26
36
15
25
44
102
66
60
18
47
74
29
59
62
21
19
20
25
53
21
27
32
23
25
73
16
58
68
60
33
77
78
67
74
47
48
76
41
48
27
26
25
43
38
115
80
19
